   -3.4075     0.1521    -1.428    0.321181    0.008865    0.008006   -0.095989   -0.009814     0.4179    0.9749    0.2742    0.0000
   -3.2811     0.2083    -0.643    0.407058    0.008696    0.004566   -0.133357   -0.010217     0.3108    0.9784    0.2697    0.5631
   -3.0740     0.3004    -0.578    0.393488    0.007792    0.003968   -0.138821   -0.006361     0.2835    0.9694    0.2606    4.6513
   -2.7911     0.3681    -0.427    0.397504    0.007253    0.002962   -0.142413   -0.003937     0.2620    0.9660    0.2546   19.0848
   -2.4395     0.4267    -0.370    0.405932    0.007065    0.002623   -0.145969   -0.004557     0.2532    0.9595    0.2559   54.6586
   -2.0279     0.4953    -0.384    0.406033    0.006796    0.002721   -0.146591   -0.005143     0.2458    0.9499    0.2574   125.7120
   -1.5663     0.5723    -0.442    0.401719    0.006481    0.003096   -0.145844   -0.005899     0.2387    0.9372    0.2595   249.1796
   -1.0661     0.6556    -0.535    0.393366    0.006328    0.003676   -0.143532   -0.006495     0.2373    0.9227    0.2614   442.7034
   -0.5397     0.7434    -0.669    0.380511    0.006171    0.004445   -0.139674   -0.007115     0.2366    0.9038    0.2637   721.6759
   -0.0000     0.8333    -0.893    0.357621    0.006002    0.005572   -0.132360   -0.007774     0.2381    0.8771    0.2669   1095.6141
    0.5397     0.7434    -0.669    0.380511    0.006171    0.004445   -0.139674   -0.007115     0.2366    0.9038    0.2637   721.6759
    1.0661     0.6556    -0.535    0.393366    0.006328    0.003676   -0.143532   -0.006495     0.2373    0.9227    0.2614   442.7034
    1.5663     0.5723    -0.442    0.401719    0.006481    0.003096   -0.145844   -0.005899     0.2387    0.9372    0.2595   249.1796
    2.0279     0.4953    -0.384    0.406033    0.006796    0.002721   -0.146591   -0.005143     0.2458    0.9499    0.2574   125.7120
    2.4395     0.4267    -0.370    0.405932    0.007065    0.002623   -0.145969   -0.004557     0.2532    0.9595    0.2559   54.6586
    2.7911     0.3681    -0.427    0.397504    0.007253    0.002962   -0.142413   -0.003937     0.2620    0.9660    0.2546   19.0848
    3.0740     0.3004    -0.578    0.393488    0.007792    0.003968   -0.138821   -0.006361     0.2835    0.9694    0.2606    4.6513
    3.2811     0.2083    -0.643    0.407058    0.008696    0.004566   -0.133357   -0.010217     0.3108    0.9784    0.2697    0.5631
    3.4075     0.1521    -1.428    0.321181    0.008865    0.008006   -0.095989   -0.009814     0.4179    0.9749    0.2742    0.0000