   -3.4275     0.1432     0.316    0.137957    0.007667   -0.000760    0.020425    0.000016     0.6074    0.9083    0.3225    0.0000
   -3.3825     0.1632     0.441    0.180691    0.007561   -0.001390    0.015257    0.000007     0.5346    0.9296    0.3254   -0.0000
   -3.3375     0.1832     0.511    0.203660    0.007374   -0.001814    0.011291    0.000001     0.4919    0.9395    0.3277   -0.0000
   -3.2925     0.2032     0.546    0.219505    0.007372   -0.002089    0.008497   -0.000003     0.4632    0.9408    0.3297   -0.0000
   -3.2475     0.2232     0.554    0.232551    0.007324   -0.002247    0.006174   -0.000007     0.4398    0.9369    0.3316   -0.0000
   -3.2025     0.2433     0.537    0.244744    0.007263   -0.002289    0.004248   -0.000011     0.4175    0.9345    0.3336   -0.0000
   -3.1575     0.2633     0.488    0.257137    0.007196   -0.002187    0.002630   -0.000015     0.3953    0.9343    0.3351   -0.0000
   -3.1125     0.2833     0.400    0.270404    0.007126   -0.001884    0.001257   -0.000018     0.3726    0.9368    0.3357   -0.0000
   -3.0675     0.3033     0.256    0.285130    0.007061   -0.001271    0.000077   -0.000020     0.3498    0.9399    0.3345   -0.0000
   -3.0225     0.3233     0.014    0.302450    0.007008   -0.000075   -0.000953   -0.000015     0.3273    0.9420    0.3302   -0.0000
   -2.9954     0.3341    -0.589    0.320349    0.007029    0.003383   -0.219424   -0.020382     0.3095    0.9471    0.3133   -1.1922
   -2.9769     0.3371    -0.535    0.340108    0.007121    0.003265   -0.228267   -0.018822     0.2961    0.9536    0.3050   -1.1703
   -2.9401     0.3433    -0.440    0.355524    0.007158    0.002802   -0.232438   -0.017258     0.2858    0.9573    0.2981   -1.0081
   -2.8851     0.3524    -0.367    0.369034    0.007157    0.002413   -0.233659   -0.015971     0.2756    0.9603    0.2928   -0.4462
   -2.8124     0.3646    -0.325    0.382137    0.007175    0.002203   -0.233028   -0.015015     0.2676    0.9624    0.2888    0.9276
   -2.7223     0.3796    -0.310    0.395402    0.007187    0.002164   -0.231137   -0.014416     0.2611    0.9634    0.2860    3.6956
   -2.6155     0.3974    -0.312    0.408789    0.007185    0.002248   -0.228166   -0.014108     0.2552    0.9636    0.2840    8.6287
   -2.4925     0.4179    -0.326    0.421911    0.007164    0.002418   -0.224094   -0.013976     0.2493    0.9640    0.2826   16.7043
   -2.3541     0.4410    -0.349    0.434306    0.007127    0.002655   -0.218921   -0.013926     0.2434    0.9641    0.2815   29.1181
   -2.2013     0.4664    -0.379    0.445587    0.007077    0.002953   -0.212741   -0.013901     0.2377    0.9643    0.2807   47.2860
   -2.0348     0.4942    -0.415    0.455473    0.007002    0.003310   -0.205718   -0.013874     0.2328    0.9637    0.2799   72.8340
   -1.8558     0.5240    -0.460    0.463771    0.006903    0.003729   -0.198046   -0.013829     0.2285    0.9628    0.2793   107.5730
   -1.6654     0.5557    -0.513    0.470347    0.006787    0.004222   -0.189911   -0.013758     0.2243    0.9618    0.2787   153.4571
   -1.4647     0.5892    -0.584    0.475085    0.007342    0.004851   -0.181480   -0.013654     0.1879    0.8127    0.2782   212.5259
   -1.2550     0.6241    -0.699    0.477861    0.008282    0.005841   -0.172863   -0.013508     0.1329    0.5764    0.2777   286.8287
   -1.0376     0.6604    -1.037    0.478311    0.009247    0.008653   -0.164125   -0.013311     0.0764    0.3307    0.2772   378.3341
   -0.8137     0.6977    -0.839    0.476720    0.010234    0.006998   -0.155288   -0.013048     0.0182    0.0776    0.2768   488.8179
   -0.5848     0.7359    -1.021    0.472221    0.010456    0.008427   -0.146312   -0.012703     0.0008    0.0017    0.2763   619.7640
   -0.3523     0.7746    -1.156    0.464451    0.010344    0.009375   -0.137117   -0.012267     0.0008    0.0017    0.2758   772.2225
   -0.1177     0.8137    -1.298    0.452348    0.010223    0.010248   -0.127519   -0.011757     0.0006    0.0015    0.2754   946.6842
    0.1177     0.8137    -1.298    0.452348    0.010223    0.010248   -0.127519   -0.011757     0.0006    0.0015    0.2754   948.9765
    0.3523     0.7746    -1.156    0.464451    0.010344    0.009375   -0.137117   -0.012267     0.0008    0.0017    0.2758   774.5156
    0.5848     0.7359    -1.021    0.472221    0.010456    0.008427   -0.146312   -0.012703     0.0008    0.0017    0.2763   622.0585
    0.8137     0.6977    -0.839    0.476720    0.010234    0.006998   -0.155288   -0.013048     0.0182    0.0776    0.2768   491.1144
    1.0376     0.6604    -1.037    0.478311    0.009247    0.008653   -0.164125   -0.013311     0.0764    0.3307    0.2772   380.6333
    1.2550     0.6241    -0.699    0.477861    0.008282    0.005841   -0.172863   -0.013508     0.1329    0.5764    0.2777   289.1311
    1.4647     0.5892    -0.584    0.475085    0.007342    0.004851   -0.181480   -0.013654     0.1879    0.8127    0.2782   214.8320
    1.6654     0.5557    -0.513    0.470347    0.006787    0.004222   -0.189911   -0.013758     0.2243    0.9618    0.2787   155.7674
    1.8558     0.5240    -0.460    0.463771    0.006903    0.003729   -0.198046   -0.013829     0.2285    0.9628    0.2793   109.8879
    2.0348     0.4942    -0.415    0.455473    0.007002    0.003310   -0.205718   -0.013874     0.2328    0.9637    0.2799   75.1540
    2.2013     0.4664    -0.379    0.445587    0.007077    0.002953   -0.212741   -0.013901     0.2377    0.9643    0.2807   49.6113
    2.3541     0.4410    -0.349    0.434306    0.007127    0.002655   -0.218921   -0.013926     0.2434    0.9641    0.2815   31.4491
    2.4925     0.4179    -0.326    0.421911    0.007164    0.002418   -0.224094   -0.013976     0.2493    0.9640    0.2826   19.0413
    2.6155     0.3974    -0.312    0.408789    0.007185    0.002248   -0.228166   -0.014108     0.2552    0.9636    0.2840   10.9719
    2.7223     0.3796    -0.310    0.395402    0.007187    0.002164   -0.231137   -0.014416     0.2611    0.9634    0.2860    6.0452
    2.8124     0.3646    -0.325    0.382137    0.007175    0.002203   -0.233028   -0.015015     0.2676    0.9624    0.2888    3.2839
    2.8851     0.3524    -0.367    0.369034    0.007157    0.002413   -0.233659   -0.015971     0.2756    0.9603    0.2928    1.9169
    2.9401     0.3433    -0.440    0.355524    0.007158    0.002802   -0.232438   -0.017258     0.2858    0.9573    0.2981    1.3619
    2.9769     0.3371    -0.535    0.340108    0.007121    0.003265   -0.228267   -0.018822     0.2961    0.9536    0.3050    1.2068
    2.9954     0.3341    -0.589    0.320349    0.007029    0.003383   -0.219424   -0.020382     0.3095    0.9471    0.3133    1.1919
    3.0225     0.3233     0.014    0.302450    0.007008   -0.000075   -0.000953   -0.000015     0.3273    0.9420    0.3302   -0.0000
    3.0675     0.3033     0.256    0.285130    0.007061   -0.001271    0.000077   -0.000020     0.3498    0.9399    0.3345   -0.0000
    3.1125     0.2833     0.400    0.270404    0.007126   -0.001884    0.001257   -0.000018     0.3726    0.9368    0.3357   -0.0000
    3.1575     0.2633     0.488    0.257137    0.007196   -0.002187    0.002630   -0.000015     0.3953    0.9343    0.3351   -0.0000
    3.2025     0.2433     0.537    0.244744    0.007263   -0.002289    0.004248   -0.000011     0.4175    0.9345    0.3336   -0.0000
    3.2475     0.2232     0.554    0.232551    0.007324   -0.002247    0.006174   -0.000007     0.4398    0.9369    0.3316   -0.0000
    3.2925     0.2032     0.546    0.219505    0.007372   -0.002089    0.008497   -0.000003     0.4632    0.9408    0.3297   -0.0000
    3.3375     0.1832     0.511    0.203660    0.007374   -0.001814    0.011291    0.000001     0.4919    0.9395    0.3277   -0.0000
    3.3825     0.1632     0.441    0.180691    0.007561   -0.001390    0.015257    0.000007     0.5346    0.9296    0.3254   -0.0000
    3.4275     0.1432     0.316    0.137957    0.007667   -0.000760    0.020425    0.000016     0.6074    0.9083    0.3225    0.0000
