  -2.000   0.0874   0.00576   0.00083  -0.0657   0.8091   0.0869
  -1.000   0.1992   0.00520   0.00058  -0.0657   0.7250   0.2986
   0.000   0.3112   0.00490   0.00057  -0.0658   0.6372   0.5295
   1.000   0.4176   0.00420   0.00069  -0.0644   0.5434   1.0000
   2.000   0.5292   0.00489   0.00090  -0.0643   0.4266   1.0000
   3.000   0.6398   0.00571   0.00126  -0.0642   0.3126   1.0000
   4.000   0.7497   0.00660   0.00178  -0.0639   0.2189   1.0000
   5.000   0.8582   0.00765   0.00250  -0.0636   0.1342   1.0000
   6.000   0.9650   0.00892   0.00346  -0.0630   0.0677   1.0000
   7.000   1.0700   0.01034   0.00471  -0.0622   0.0264   1.0000
   8.000   1.1717   0.01222   0.00653  -0.0610   0.0066   1.0000
   9.000   1.2704   0.01438   0.00890  -0.0593   0.0033   1.0000
  10.000   1.3616   0.01744   0.01233  -0.0568   0.0023   1.0000
  11.000   1.4450   0.02098   0.01628  -0.0536   0.0018   1.0000
  12.000   1.5132   0.02558   0.02137  -0.0490   0.0014   1.0000
  13.000   1.5400   0.03230   0.02869  -0.0405   0.0013   1.0000
  14.000   1.5042   0.04532   0.04237  -0.0363   0.0012   1.0000
  15.000   1.4259   0.07490   0.07264  -0.0523   0.0012   1.0000
  16.000   1.2958   0.11897   0.11726  -0.0747   0.0013   1.0000
  17.000   1.1820   0.16512   0.16378  -0.0983   0.0015   1.0000
