  -2.000   0.0192   0.00619   0.00113  -0.0531   0.7296   0.2420
  -1.000   0.1300   0.00591   0.00099  -0.0528   0.6634   0.3588
   0.000   0.2396   0.00552   0.00097  -0.0524   0.5973   0.5566
   1.000   0.3489   0.00530   0.00109  -0.0517   0.5356   0.7407
   2.000   0.4548   0.00525   0.00133  -0.0500   0.4811   0.9008
   3.000   0.5666   0.00561   0.00162  -0.0494   0.4268   0.9800
   4.000   0.7055   0.00630   0.00200  -0.0555   0.3502   0.9972
   5.000   0.8136   0.00726   0.00254  -0.0552   0.2562   1.0000
   6.000   0.9054   0.00852   0.00332  -0.0515   0.1598   1.0000
   7.000   1.0005   0.00991   0.00433  -0.0487   0.0892   1.0000
   8.000   1.0978   0.01121   0.00543  -0.0464   0.0537   1.0000
   9.000   1.1936   0.01257   0.00669  -0.0441   0.0363   1.0000
  10.000   1.2867   0.01398   0.00810  -0.0414   0.0275   1.0000
  11.000   1.3736   0.01562   0.00976  -0.0379   0.0220   1.0000
  12.000   1.4505   0.01747   0.01171  -0.0329   0.0186   1.0000
  13.000   1.5104   0.01979   0.01416  -0.0257   0.0162   1.0000
  14.000   1.5566   0.02324   0.01779  -0.0185   0.0142   1.0000
  15.000   1.6003   0.02743   0.02221  -0.0130   0.0132   1.0000
  16.000   1.6271   0.03380   0.02881  -0.0089   0.0122   1.0000
  17.000   1.6265   0.04419   0.03955  -0.0072   0.0113   1.0000
  18.000   1.6198   0.05689   0.05261  -0.0088   0.0108   1.0000
  19.000   1.5862   0.07457   0.07068  -0.0137   0.0104   1.0000
  20.000   1.5257   0.09757   0.09410  -0.0222   0.0101   1.0000
