  -2.000   0.0132   0.00522   0.00072  -0.0520   0.8330   0.2222
  -1.000   0.1238   0.00512   0.00054  -0.0515   0.7174   0.3472
   0.000   0.2356   0.00508   0.00052  -0.0514   0.6074   0.4991
   1.000   0.3470   0.00501   0.00066  -0.0513   0.5014   0.7006
   4.000   0.6759   0.00654   0.00173  -0.0496   0.1914   1.0000
   5.000   0.7850   0.00763   0.00248  -0.0492   0.1050   1.0000
   6.000   0.8921   0.00906   0.00358  -0.0487   0.0348   1.0000
   7.000   0.9979   0.01058   0.00498  -0.0479   0.0090   1.0000
   8.000   1.1008   0.01264   0.00723  -0.0465   0.0034   1.0000
   9.000   1.1995   0.01514   0.01002  -0.0449   0.0027   1.0000
  10.000   1.2813   0.02037   0.01593  -0.0414   0.0022   1.0000
  11.000   1.3653   0.02390   0.01984  -0.0387   0.0018   1.0000
  12.000   1.4245   0.02975   0.02628  -0.0341   0.0015   1.0000
  13.000   1.4199   0.03920   0.03640  -0.0268   0.0013   1.0000
  14.000   1.3471   0.06707   0.06504  -0.0436   0.0014   1.0000
  15.000   1.2067   0.11471   0.11322  -0.0694   0.0015   1.0000
