  -2.000   0.2527   0.00672   0.00122  -0.1037   0.6694   0.1266
  -1.000   0.3647   0.00660   0.00113  -0.1037   0.6168   0.1997
   0.000   0.4764   0.00653   0.00117  -0.1038   0.5672   0.3070
   4.000   0.9207   0.00638   0.00219  -0.1034   0.4332   1.0000
   5.000   1.0284   0.00695   0.00260  -0.1027   0.3914   1.0000
   6.000   1.1320   0.00780   0.00319  -0.1015   0.3297   1.0000
   7.000   1.2270   0.00924   0.00418  -0.0990   0.2369   1.0000
   8.000   1.3098   0.01143   0.00575  -0.0945   0.1263   1.0000
   9.000   1.3893   0.01349   0.00746  -0.0896   0.0644   1.0000
  10.000   1.4609   0.01536   0.00921  -0.0833   0.0396   1.0000
  11.000   1.5248   0.01747   0.01132  -0.0763   0.0283   1.0000
  12.000   1.5833   0.02005   0.01398  -0.0694   0.0224   1.0000
  13.000   1.6327   0.02349   0.01755  -0.0627   0.0184   1.0000
  14.000   1.6715   0.02819   0.02242  -0.0565   0.0159   1.0000
  15.000   1.6958   0.03478   0.02922  -0.0511   0.0138   1.0000
  16.000   1.7157   0.04266   0.03735  -0.0476   0.0126   1.0000
  17.000   1.7166   0.05357   0.04853  -0.0457   0.0115   1.0000
  18.000   1.6999   0.06764   0.06295  -0.0459   0.0107   1.0000
  19.000   1.6800   0.08296   0.07861  -0.0478   0.0102   1.0000
  20.000   1.6476   0.10070   0.09670  -0.0517   0.0097   1.0000
