  -2.000   0.0202   0.00589   0.00099  -0.0536   0.7910   0.2065
  -1.000   0.1304   0.00550   0.00081  -0.0533   0.7213   0.3518
   0.000   0.2390   0.00495   0.00079  -0.0528   0.6452   0.6154
   1.000   0.3447   0.00462   0.00093  -0.0513   0.5697   0.8610
   2.000   0.4575   0.00487   0.00116  -0.0509   0.4966   0.9853
   3.000   0.5901   0.00544   0.00142  -0.0557   0.4163   1.0000
   4.000   0.6905   0.00626   0.00182  -0.0535   0.3122   1.0000
   5.000   0.7893   0.00767   0.00258  -0.0513   0.1689   1.0000
   6.000   0.8892   0.00915   0.00357  -0.0495   0.0707   1.0000
   7.000   0.9908   0.01043   0.00464  -0.0480   0.0349   1.0000
   8.000   1.0915   0.01171   0.00587  -0.0464   0.0224   1.0000
   9.000   1.1899   0.01308   0.00729  -0.0445   0.0170   1.0000
  10.000   1.2832   0.01478   0.00907  -0.0420   0.0136   1.0000
  11.000   1.3716   0.01663   0.01104  -0.0389   0.0113   1.0000
  12.000   1.4510   0.01886   0.01346  -0.0347   0.0100   1.0000
  13.000   1.5134   0.02148   0.01626  -0.0280   0.0088   1.0000
  14.000   1.5452   0.02580   0.02092  -0.0189   0.0081   1.0000
  15.000   1.5780   0.03091   0.02634  -0.0131   0.0075   1.0000
  16.000   1.5953   0.03871   0.03445  -0.0100   0.0070   1.0000
  17.000   1.5835   0.05164   0.04777  -0.0111   0.0067   1.0000
  18.000   1.5285   0.07307   0.06970  -0.0184   0.0064   1.0000
  19.000   1.4405   0.10257   0.09973  -0.0314   0.0064   1.0000
  20.000   1.3428   0.13691   0.13457  -0.0486   0.0064   1.0000
