  -2.000  -0.0832   0.00782   0.00166  -0.0120   0.6059   0.0474
  -1.000   0.0268   0.00771   0.00139  -0.0115   0.5010   0.0971
   0.000   0.1257   0.00609   0.00110  -0.0097   0.4038   0.6179
   1.000   0.2321   0.00601   0.00122  -0.0084   0.3174   0.7990
   2.000   0.3380   0.00620   0.00150  -0.0066   0.2604   0.9122
   3.000   0.4464   0.00662   0.00181  -0.0055   0.2270   0.9554
   4.000   0.5623   0.00706   0.00217  -0.0061   0.2080   0.9806
   5.000   0.6948   0.00759   0.00260  -0.0108   0.1911   0.9903
   6.000   0.8291   0.00815   0.00308  -0.0160   0.1755   0.9963
   7.000   0.9576   0.00873   0.00362  -0.0202   0.1606   1.0000
   8.000   1.0499   0.00934   0.00421  -0.0166   0.1464   1.0000
   9.000   1.1443   0.01005   0.00490  -0.0136   0.1304   1.0000
  10.000   1.2392   0.01104   0.00584  -0.0110   0.1103   1.0000
  11.000   1.3340   0.01233   0.00706  -0.0089   0.0871   1.0000
  12.000   1.4216   0.01422   0.00883  -0.0061   0.0588   1.0000
  13.000   1.4991   0.01668   0.01121  -0.0022   0.0362   1.0000
  14.000   1.5642   0.01936   0.01394   0.0033   0.0246   1.0000
  15.000   1.6068   0.02270   0.01743   0.0109   0.0189   1.0000
  16.000   1.6349   0.02790   0.02287   0.0163   0.0156   1.0000
  17.000   1.6414   0.03694   0.03223   0.0174   0.0136   1.0000
  18.000   1.6038   0.05416   0.04990   0.0117   0.0126   1.0000
  19.000   1.4792   0.08648   0.08287  -0.0023   0.0126   1.0000
  20.000   1.3242   0.12626   0.12323  -0.0209   0.0130   1.0000
