  -2.000   0.0603   0.00747   0.00152  -0.0403   0.6022   0.0279
  -1.000   0.1752   0.00696   0.00107  -0.0411   0.5786   0.0778
   0.000   0.2850   0.00519   0.00085  -0.0420   0.5524   0.6383
   1.000   0.3987   0.00495   0.00097  -0.0425   0.5324   0.7839
   2.000   0.5130   0.00501   0.00111  -0.0431   0.5098   0.8461
   3.000   0.6257   0.00515   0.00133  -0.0435   0.4831   0.8943
   4.000   0.7332   0.00534   0.00158  -0.0427   0.4504   0.9571
   5.000   0.8567   0.00586   0.00193  -0.0460   0.3994   1.0000
   6.000   0.9626   0.00718   0.00277  -0.0463   0.2844   1.0000
   7.000   1.0628   0.00902   0.00402  -0.0460   0.1660   1.0000
   8.000   1.1514   0.01170   0.00600  -0.0443   0.0472   1.0000
   9.000   1.2433   0.01348   0.00765  -0.0428   0.0219   1.0000
  10.000   1.3293   0.01527   0.00949  -0.0405   0.0146   1.0000
  11.000   1.3985   0.01721   0.01155  -0.0359   0.0122   1.0000
  12.000   1.4366   0.02095   0.01545  -0.0291   0.0080   1.0000
  13.000   1.4888   0.02465   0.01931  -0.0259   0.0075   1.0000
  14.000   1.5173   0.03085   0.02559  -0.0227   0.0031   1.0000
  15.000   1.5370   0.03859   0.03359  -0.0209   0.0026   1.0000
