  -2.000  -0.0644   0.00794   0.00176  -0.0150   0.6233   0.0513
  -1.000   0.0166   0.00570   0.00106  -0.0098   0.5870   0.5290
   0.000   0.1241   0.00553   0.00101  -0.0090   0.5546   0.6060
   1.000   0.2318   0.00558   0.00108  -0.0082   0.5122   0.6671
   2.000   0.3400   0.00576   0.00121  -0.0076   0.4666   0.7069
   3.000   0.4469   0.00616   0.00142  -0.0070   0.4001   0.7338
   4.000   0.5457   0.00709   0.00192  -0.0051   0.2806   0.7623
   5.000   0.6467   0.00778   0.00243  -0.0036   0.2173   0.7993
   6.000   0.7480   0.00826   0.00298  -0.0021   0.1875   0.8499
   7.000   0.8474   0.00875   0.00362  -0.0003   0.1606   0.9346
   8.000   0.9804   0.00992   0.00465  -0.0065   0.1168   0.9831
   9.000   1.1064   0.01159   0.00603  -0.0120   0.0717   0.9976
  10.000   1.1766   0.01335   0.00757  -0.0060   0.0399   1.0000
  11.000   1.2388   0.01444   0.00876   0.0021   0.0379   1.0000
  12.000   1.2898   0.01647   0.01078   0.0104   0.0249   1.0000
  13.000   1.3397   0.01928   0.01373   0.0167   0.0223   1.0000
  14.000   1.3882   0.02284   0.01746   0.0210   0.0208   1.0000
  15.000   1.4328   0.02718   0.02204   0.0239   0.0212   1.0000
