  -2.000  -0.0583   0.00547   0.00103  -0.0376   0.6313   0.5158
  -1.000   0.0594   0.00543   0.00097  -0.0388   0.6081   0.5515
   0.000   0.1773   0.00543   0.00098  -0.0400   0.5851   0.5777
   1.000   0.2950   0.00550   0.00104  -0.0412   0.5609   0.6022
   2.000   0.4119   0.00565   0.00117  -0.0423   0.5307   0.6262
   3.000   0.5280   0.00586   0.00138  -0.0433   0.4922   0.6518
   4.000   0.6421   0.00628   0.00170  -0.0440   0.4295   0.6775
   5.000   0.7492   0.00742   0.00240  -0.0439   0.3001   0.7034
   6.000   0.8452   0.00956   0.00373  -0.0424   0.1192   0.7300
   7.000   0.9423   0.01123   0.00507  -0.0408   0.0448   0.7590
   8.000   1.0416   0.01242   0.00628  -0.0395   0.0314   0.7886
   9.000   1.1350   0.01373   0.00770  -0.0373   0.0253   0.8234
  10.000   1.2216   0.01505   0.00919  -0.0341   0.0206   0.8664
  12.000   1.3326   0.01927   0.01380  -0.0200   0.0144   1.0000
  13.000   1.3800   0.02296   0.01764  -0.0150   0.0132   1.0000
  14.000   1.4148   0.02824   0.02309  -0.0109   0.0122   1.0000
  15.000   1.4456   0.03454   0.02962  -0.0083   0.0117   1.0000
  16.000   1.4671   0.04247   0.03778  -0.0072   0.0111   1.0000
  17.000   1.4748   0.05302   0.04858  -0.0081   0.0106   1.0000
  18.000   1.4570   0.06828   0.06419  -0.0121   0.0103   1.0000
  19.000   1.4471   0.08413   0.08040  -0.0182   0.0101   1.0000
  20.000   1.4196   0.10426   0.10092  -0.0276   0.0098   1.0000
