  -2.000   0.9816   0.01070   0.00453  -0.2758   0.3965   0.0148
   0.000   1.2250   0.01097   0.00444  -0.2788   0.3593   0.0197
   1.000   1.3571   0.01095   0.00467  -0.2827   0.3466   0.2226
   2.000   1.4673   0.01133   0.00512  -0.2817   0.3427   0.2604
   3.000   1.5762   0.01183   0.00571  -0.2807   0.3360   0.3347
   4.000   1.6819   0.01255   0.00652  -0.2792   0.3231   0.4422
   5.000   1.7863   0.01328   0.00750  -0.2775   0.3144   0.5844
   6.000   1.8919   0.01358   0.00836  -0.2761   0.3115   1.0000
   7.000   1.9887   0.01436   0.00920  -0.2731   0.3030   1.0000
   8.000   2.0792   0.01547   0.01021  -0.2690   0.2803   1.0000
   9.000   2.1531   0.01773   0.01206  -0.2620   0.2230   1.0000
  10.000   2.2278   0.01973   0.01404  -0.2554   0.1993   1.0000
  11.000   2.2668   0.02405   0.01800  -0.2429   0.1385   1.0000
  12.000   2.2974   0.02883   0.02267  -0.2301   0.1039   1.0000
  13.000   2.2977   0.03650   0.03025  -0.2149   0.0663   1.0000
